[gd_scene load_steps=10 format=2]

[ext_resource path="res://models/nordictavern/counter.fbx" type="PackedScene" id=1]
[ext_resource path="res://RandomizedDecor.gd" type="Script" id=2]
[ext_resource path="res://models/tappedBarrel.tscn" type="PackedScene" id=3]
[ext_resource path="res://models/bread.tscn" type="PackedScene" id=4]
[ext_resource path="res://models/cup.tscn" type="PackedScene" id=5]
[ext_resource path="res://models/barrel.tscn" type="PackedScene" id=6]
[ext_resource path="res://models/boilingPot.tscn" type="PackedScene" id=7]
[ext_resource path="res://models/pitcher.tscn" type="PackedScene" id=8]

[sub_resource type="BoxShape" id=1]
extents = Vector3( 1.76702, 0.486347, 0.499609 )

[node name="RigidBody" type="RigidBody"]
mode = 1
script = ExtResource( 2 )

[node name="CollisionShape" type="CollisionShape" parent="."]
transform = Transform( 1, 0, 0, 0, 1, 0, 0, 0, 1, 0.0605586, 0.449865, -0.0259538 )
shape = SubResource( 1 )

[node name="counter" parent="." instance=ExtResource( 1 )]
transform = Transform( 1, 0, 0, 0, 1, 0, 0, 0, 1, -0.951284, 0, 3.97282 )

[node name="decor" type="Spatial" parent="."]

[node name="barrel" parent="decor" instance=ExtResource( 6 )]
transform = Transform( 1, 0, 0, 0, 1, 0, 0, 0, 1, -1.30876, 0, 0.789175 )

[node name="tappedBarrel" parent="decor" instance=ExtResource( 3 )]
transform = Transform( -0.959255, 0, -0.282542, 0, 1, 0, 0.282542, 0, -0.959255, -0.106632, 0.909177, -0.296148 )

[node name="boilingPot" parent="decor" instance=ExtResource( 7 )]
transform = Transform( 1, 0, 0, 0, 1, 0, 0, 0, 1, 0.681677, 0.911676, 0.0396962 )

[node name="pitcher2" parent="decor" instance=ExtResource( 8 )]
transform = Transform( 0.337835, 0, -0.941206, 0, 1, 0, 0.941206, 0, 0.337835, 1.39396, 0.936212, 0.116148 )

[node name="pitcher" parent="decor" instance=ExtResource( 8 )]
transform = Transform( 1, 0, 0, 0, 1, 0, 0, 0, 1, 1.60124, 0.936212, 0.295469 )

[node name="cup4" parent="decor" instance=ExtResource( 5 )]
transform = Transform( 1, 0, 0, 0, 1, 0, 0, 0, 1, -0.622995, 1.04259, 0.305062 )

[node name="cup3" parent="decor/cup4" instance=ExtResource( 5 )]
transform = Transform( 1, 0, 0, 0, 1, 0, 0, 0, 1, -0.00956994, -0.106374, 0.0618467 )

[node name="cup2" parent="decor/cup4" instance=ExtResource( 5 )]
transform = Transform( 1, 0, 0, 0, 1, 0, 0, 0, 1, -0.0495815, -0.106378, -0.0717552 )

[node name="cup4" parent="decor/cup4" instance=ExtResource( 5 )]
transform = Transform( 1, 0, 0, 0, 1, 0, 0, 0, 1, 0.084641, -0.106375, -0.0513072 )

[node name="bread" parent="decor" instance=ExtResource( 4 )]
transform = Transform( 0.891434, 0, 0.453151, 0, 1, 0, -0.453151, 0, 0.891434, -1.13502, 0.942078, 0.0696078 )

[node name="bread2" parent="decor/bread" instance=ExtResource( 4 )]
transform = Transform( 0.618069, 0.489988, 0.614738, -0.547995, 0.82922, -0.10998, -0.563641, -0.268898, 0.781026, 0.150532, 0.0438035, -0.0725344 )
